    11    0       
        -0.0300103560        0.0000041013       -0.0000005895    
         0.0002171964        0.0000001834        2.2288269448    
         0.0002172292        0.0000000930       -2.2288277537    
        -0.8508154878        1.4743106910        2.3223613707    
        -0.8508216654       -1.4743097207        2.3223597592    
         1.6998563571       -0.0000040547        2.3232436031    
         0.0048309012        0.0000005213        1.2367789299    
        -0.8508146361        1.4743108589       -2.3223612183    
        -0.8508208027       -1.4743099009       -2.3223596425    
         1.6998567314       -0.0000040798       -2.3232429370    
         0.0048302448        0.0000005161       -1.2367770467    
