   2          TOTAL NUMBER OF ATOM TYPES
   6   6      ELECTRONIC AND NUCLEAR CHARGE
ALL           ALL-ELECTRON ATOM TYPE
   1          NUMBER OF ATOMS OF TYPE CAR
ALL-CAR001
EXTRABASIS    CONTROLS USAGE OF SUPPLEMENTARY BASIS FUNCTIONS
  12          NUMBER OF BARE GAUSSIANS
   5   4   3  NUMBER OF S,P,D FUNCTIONS
   0   0   1  SUPPLEMENTARY S,P,D FUNCTIONS
       0.2221336090D+05       0.3331736980D+04       0.7579013460D+03
       0.2145437190D+03       0.6992488940D+02       0.2508613490D+02
       0.9591041750D+01       0.3802455710D+01       0.1489185420D+01
       0.5748765300D+00       0.2149473200D+00       0.7720965000D-01
 
       0.1979224900D+00       0.3699897740D+00       0.6364461530D+00
       0.1012493110D+01       0.1448078710D+01       0.1717368870D+01
       0.1493193200D+01       0.6898716060D+00       0.8607224650D-01
      -0.1656669520D-02       0.3776603340D-03      -0.4710534310D-04
 
      -0.4500525960D-01      -0.8462105180D-01      -0.1449656410D+00
      -0.2353560110D+00      -0.3421536850D+00      -0.4459512370D+00
      -0.4526397090D+00      -0.3221641360D+00      -0.1298841970D-01
       0.2013547140D+00       0.1276991250D+00       0.1413546650D-01
 
       0.0000000000D+00       0.0000000000D+00       0.0000000000D+00
       0.0000000000D+00       0.0000000000D+00       0.0000000000D+00
       0.0000000000D+00       0.0000000000D+00       0.0000000000D+00
       0.1000000000D+01       0.0000000000D+00       0.0000000000D+00
 
       0.0000000000D+00       0.0000000000D+00       0.0000000000D+00
       0.0000000000D+00       0.0000000000D+00       0.0000000000D+00
       0.0000000000D+00       0.0000000000D+00       0.0000000000D+00
       0.0000000000D+00       0.1000000000D+01       0.0000000000D+00
 
       0.0000000000D+00       0.0000000000D+00       0.0000000000D+00
       0.0000000000D+00       0.0000000000D+00       0.0000000000D+00
       0.0000000000D+00       0.0000000000D+00       0.0000000000D+00
       0.0000000000D+00       0.0000000000D+00       0.1000000000D+01
 
       0.2313862990D-01       0.4264913270D-01       0.7465885120D-01
       0.1202411540D+00       0.1835117630D+00       0.2470680430D+00
       0.3071421870D+00       0.3137270600D+00       0.2672633980D+00
       0.1475658550D+00       0.4758557640D-01       0.7279645930D-02
 
       0.0000000000D+00       0.0000000000D+00       0.0000000000D+00
       0.0000000000D+00       0.0000000000D+00       0.0000000000D+00
       0.0000000000D+00       0.0000000000D+00       0.0000000000D+00
       0.1000000000D+01       0.0000000000D+00       0.0000000000D+00
 
       0.0000000000D+00       0.0000000000D+00       0.0000000000D+00
       0.0000000000D+00       0.0000000000D+00       0.0000000000D+00
       0.0000000000D+00       0.0000000000D+00       0.0000000000D+00
       0.0000000000D+00       0.1000000000D+01       0.0000000000D+00
 
       0.0000000000D+00       0.0000000000D+00       0.0000000000D+00
       0.0000000000D+00       0.0000000000D+00       0.0000000000D+00
       0.0000000000D+00       0.0000000000D+00       0.0000000000D+00
       0.0000000000D+00       0.0000000000D+00       0.1000000000D+01
 
       0.0000000000D+00       0.0000000000D+00       0.0000000000D+00
       0.0000000000D+00       0.0000000000D+00       0.0000000000D+00
       0.0000000000D+00       0.0000000000D+00       0.1000000000D+01
       0.0000000000D+00       0.0000000000D+00       0.0000000000D+00
 
       0.0000000000D+00       0.0000000000D+00       0.0000000000D+00
       0.0000000000D+00       0.0000000000D+00       0.0000000000D+00
       0.0000000000D+00       0.0000000000D+00       0.0000000000D+00
       0.1000000000D+01       0.0000000000D+00       0.0000000000D+00
 
       0.0000000000D+00       0.0000000000D+00       0.0000000000D+00
       0.0000000000D+00       0.0000000000D+00       0.0000000000D+00
       0.0000000000D+00       0.0000000000D+00       0.0000000000D+00
       0.0000000000D+00       0.1000000000D+01       0.0000000000D+00
 
       0.0000000000D+00       0.0000000000D+00       0.0000000000D+00
       0.0000000000D+00       0.0000000000D+00       0.0000000000D+00
       0.0000000000D+00       0.0000000000D+00       0.0000000000D+00
       0.0000000000D+00       0.0000000000D+00       0.1000000000D+01
 
   8   8      ELECTRONIC AND NUCLEAR CHARGE
ALL           ALL-ELECTRON ATOM TYPE
   2          NUMBER OF ATOMS OF TYPE OXY
ALL-OXY001
ALL-OXY002
EXTRABASIS    CONTROLS USAGE OF SUPPLEMENTARY BASIS FUNCTIONS
  13          NUMBER OF BARE GAUSSIANS
   5   4   3  NUMBER OF S,P,D FUNCTIONS
   0   0   1  SUPPLEMENTARY S,P,D FUNCTIONS
       0.6120995220D+05       0.9191660630D+04       0.2094692730D+04
       0.5935495900D+03       0.1936468550D+03       0.6977937380D+02
       0.2693975300D+02       0.1093418610D+02       0.4565711210D+01
       0.1884057180D+01       0.7553058400D+00       0.2915527400D+00
       0.1049174000D+00
 
       0.2484510850D+00       0.4640692010D+00       0.8000280060D+00
       0.1288259230D+01       0.1912301250D+01       0.2484317540D+01
       0.2565928310D+01       0.1710267850D+01       0.4862767820D+00
       0.2128629570D-01       0.3876386950D-03      -0.1273179470D-03
       0.1805300580D-04
 
      -0.5837699430D-01      -0.1091869670D+00      -0.1884255660D+00
      -0.3060803760D+00      -0.4627975500D+00      -0.6352657150D+00
      -0.7423516650D+00      -0.6508699470D+00      -0.2850338670D+00
       0.1945857910D+00       0.3001787390D+00       0.1205146690D+00
       0.7304580300D-02
 
       0.0000000000D+00       0.0000000000D+00       0.0000000000D+00
       0.0000000000D+00       0.0000000000D+00       0.0000000000D+00
       0.0000000000D+00       0.0000000000D+00       0.0000000000D+00
       0.0000000000D+00       0.1000000000D+01       0.0000000000D+00
       0.0000000000D+00
 
       0.0000000000D+00       0.0000000000D+00       0.0000000000D+00
       0.0000000000D+00       0.0000000000D+00       0.0000000000D+00
       0.0000000000D+00       0.0000000000D+00       0.0000000000D+00
       0.0000000000D+00       0.0000000000D+00       0.1000000000D+01
       0.0000000000D+00
 
       0.0000000000D+00       0.0000000000D+00       0.0000000000D+00
       0.0000000000D+00       0.0000000000D+00       0.0000000000D+00
       0.0000000000D+00       0.0000000000D+00       0.0000000000D+00
       0.0000000000D+00       0.0000000000D+00       0.0000000000D+00
       0.1000000000D+01
 
       0.4803085360D-01       0.7673145870D-01       0.1493385660D+00
       0.2241829500D+00       0.3683805400D+00       0.5002376060D+00
       0.6764937310D+00       0.7390674950D+00       0.7096321280D+00
       0.4954630190D+00       0.2131075530D+00       0.5731713790D-01
       0.6280915410D-02
 
       0.0000000000D+00       0.0000000000D+00       0.0000000000D+00
       0.0000000000D+00       0.0000000000D+00       0.0000000000D+00
       0.0000000000D+00       0.0000000000D+00       0.0000000000D+00
       0.0000000000D+00       0.1000000000D+01       0.0000000000D+00
       0.0000000000D+00
 
       0.0000000000D+00       0.0000000000D+00       0.0000000000D+00
       0.0000000000D+00       0.0000000000D+00       0.0000000000D+00
       0.0000000000D+00       0.0000000000D+00       0.0000000000D+00
       0.0000000000D+00       0.0000000000D+00       0.1000000000D+01
       0.0000000000D+00
 
       0.0000000000D+00       0.0000000000D+00       0.0000000000D+00
       0.0000000000D+00       0.0000000000D+00       0.0000000000D+00
       0.0000000000D+00       0.0000000000D+00       0.0000000000D+00
       0.0000000000D+00       0.0000000000D+00       0.0000000000D+00
       0.1000000000D+01
 
       0.0000000000D+00       0.0000000000D+00       0.0000000000D+00
       0.0000000000D+00       0.0000000000D+00       0.0000000000D+00
       0.0000000000D+00       0.0000000000D+00       0.0000000000D+00
       0.1000000000D+01       0.0000000000D+00       0.0000000000D+00
       0.0000000000D+00
 
       0.0000000000D+00       0.0000000000D+00       0.0000000000D+00
       0.0000000000D+00       0.0000000000D+00       0.0000000000D+00
       0.0000000000D+00       0.0000000000D+00       0.0000000000D+00
       0.0000000000D+00       0.1000000000D+01       0.0000000000D+00
       0.0000000000D+00
 
       0.0000000000D+00       0.0000000000D+00       0.0000000000D+00
       0.0000000000D+00       0.0000000000D+00       0.0000000000D+00
       0.0000000000D+00       0.0000000000D+00       0.0000000000D+00
       0.0000000000D+00       0.0000000000D+00       0.1000000000D+01
       0.0000000000D+00
 
       0.0000000000D+00       0.0000000000D+00       0.0000000000D+00
       0.0000000000D+00       0.0000000000D+00       0.0000000000D+00
       0.0000000000D+00       0.0000000000D+00       0.0000000000D+00
       0.0000000000D+00       0.0000000000D+00       0.0000000000D+00
       0.1000000000D+01
 
ELECTRONS
WFOUT
