          11          11
  6.627690000000000E-005 -3.678753000000000E-004  -1.42518137410000     
 -0.515256732200000       7.060428389999999E-002  -1.25083850650000     
  7.138929999999999E-004 -1.363862630000000E-002  -2.04329970380000     
  0.189165305200000      -0.466544297400000       -1.21994732900000     
  0.324484289700000       0.414346025800000       -1.26384993430000     
 -3.497680000000000E-004  7.527850000000000E-005  -3.37466172210000     
 -0.713581743500000       0.724222330900000       0.673486754000000     
  0.992025981700000       0.255715556200000       0.682269752600000     
 -1.209548000000000E-004  7.176430000000001E-005   1.45915964920000     
 -0.279816286800000      -0.981840159300000       0.678492175500000     
  5.761627800000000E-003  4.917701999999999E-004   3.38361790870000     
 -2.137463000000000E-004 -2.197418000000000E-004  -1.42519457910000     
 -0.488330788300000       0.145199243900000       -1.22931603510000     
 -9.172062599999999E-003 -1.111422060000000E-002  -2.04334250220000     
  0.383992590400000       0.365254299700000       -1.27331721600000     
  0.116514459700000      -0.496460913000000       -1.23168087150000     
  1.054038000000000E-004 -2.314631000000000E-004   1.45916916580000     
 -1.535937620000000E-002  1.695838930000000E-002   3.38370771860000     
  0.751911106800000      -0.673975656600000       0.665638363100000     
 -0.965611618000000      -0.337588814800000       0.681144488800000     
  0.222342082200000        1.00473998490000       0.687409393800000     
 -4.534188800000000E-003 -4.711715000000000E-004  -3.37451767790000     
