   2          TOTAL NUMBER OF ATOM TYPES
  14  14      ELECTRONIC AND NUCLEAR CHARGE
ALL           ALL-ELECTRON ATOM TYPE
   1          NUMBER OF ATOMS OF TYPE SIL
ALL-SIL001
EXTRABASIS    CONTROLS USAGE OF SUPPLEMENTARY BASIS FUNCTIONS
  16          NUMBER OF BARE GAUSSIANS
   6   5   3  NUMBER OF S,P,D FUNCTIONS
   0   0   1  SUPPLEMENTARY S,P,D FUNCTIONS
       0.3438174730D+06       0.5158121200D+05       0.1175739300D+05
       0.3333446730D+04       0.1087941220D+04       0.3926959610D+03
       0.1528140280D+03       0.6299862360D+02       0.2705625860D+02
       0.1187042140D+02       0.5228684970D+01       0.2311042430D+01
       0.1004384400D+01       0.3707172100D+00       0.1452366700D+00
       0.5395580000D-01

       0.4335119370D+00       0.8101863750D+00       0.1399303150D+01
       0.2273563020D+01       0.3474101770D+01       0.4876005680D+01
       0.5907024760D+01       0.5483801360D+01       0.3053203760D+01
       0.6325288240D+00       0.1091370750D-01       0.2080661420D-02
      -0.5817685680D-03       0.1243160600D-03      -0.2821156560D-04
       0.3727024240D-05

      -0.1149757090D+00      -0.2147824380D+00      -0.3718636650D+00
      -0.6058961840D+00      -0.9391423170D+00      -0.1357532860D+01
      -0.1782220430D+01      -0.1949307030D+01      -0.1531144390D+01
      -0.3341162700D+00       0.7106919810D+00       0.7586346350D+00
       0.2091817800D+00       0.4707350490D-02      -0.4032458020D-04
      -0.7218238120D-05

       0.3303619230D-01       0.6179473310D-01       0.1067996640D+00
       0.1745046510D+00       0.2698886300D+00       0.3926665170D+00
       0.5159769810D+00       0.5764094520D+00       0.4607197300D+00
       0.1135897930D+00      -0.2660797790D+00      -0.3651649180D+00
      -0.1725564020D+00       0.1305977720D+00       0.1176289060D+00
       0.1135787650D-01

       0.0000000000D+00       0.0000000000D+00       0.0000000000D+00
       0.0000000000D+00       0.0000000000D+00       0.0000000000D+00
       0.0000000000D+00       0.0000000000D+00       0.0000000000D+00
       0.0000000000D+00       0.0000000000D+00       0.0000000000D+00
       0.0000000000D+00       0.1000000000D+01       0.0000000000D+00
       0.0000000000D+00

       0.0000000000D+00       0.0000000000D+00       0.0000000000D+00
       0.0000000000D+00       0.0000000000D+00       0.0000000000D+00
       0.0000000000D+00       0.0000000000D+00       0.0000000000D+00
       0.0000000000D+00       0.0000000000D+00       0.0000000000D+00
       0.0000000000D+00       0.0000000000D+00       0.1000000000D+01
       0.0000000000D+00

       0.0000000000D+00       0.0000000000D+00       0.0000000000D+00
       0.0000000000D+00       0.0000000000D+00       0.0000000000D+00
       0.0000000000D+00       0.0000000000D+00       0.0000000000D+00
       0.0000000000D+00       0.0000000000D+00       0.0000000000D+00
       0.0000000000D+00       0.0000000000D+00       0.0000000000D+00
       0.1000000000D+01

       0.1887824980D+00       0.3404033260D+00       0.6051988330D+00
       0.9718232010D+00       0.1539229250D+01       0.2258981700D+01
       0.3147131280D+01       0.3939670430D+01       0.4289582210D+01
       0.3747635650D+01       0.2240487620D+01       0.8457737100D+00
       0.1495054610D+00       0.4364831050D-02      -0.1489383380D-03
       0.1058553800D-04

      -0.4141514980D-01      -0.8300210090D-01      -0.1366750530D+00
      -0.2320488130D+00      -0.3530394970D+00      -0.5349555090D+00
      -0.7298411540D+00      -0.9378584820D+00      -0.1018386130D+01
      -0.9270077190D+00      -0.5664204920D+00      -0.2281783590D+00
       0.1029359510D-01       0.7575945350D-01       0.3706140350D-01
       0.6700686080D-02

       0.0000000000D+00       0.0000000000D+00       0.0000000000D+00
       0.0000000000D+00       0.0000000000D+00       0.0000000000D+00
       0.0000000000D+00       0.0000000000D+00       0.0000000000D+00
       0.0000000000D+00       0.0000000000D+00       0.0000000000D+00
       0.0000000000D+00       0.1000000000D+01       0.0000000000D+00
       0.0000000000D+00

       0.0000000000D+00       0.0000000000D+00       0.0000000000D+00
       0.0000000000D+00       0.0000000000D+00       0.0000000000D+00
       0.0000000000D+00       0.0000000000D+00       0.0000000000D+00
       0.0000000000D+00       0.0000000000D+00       0.0000000000D+00
       0.0000000000D+00       0.0000000000D+00       0.1000000000D+01
       0.0000000000D+00

       0.0000000000D+00       0.0000000000D+00       0.0000000000D+00
       0.0000000000D+00       0.0000000000D+00       0.0000000000D+00
       0.0000000000D+00       0.0000000000D+00       0.0000000000D+00
       0.0000000000D+00       0.0000000000D+00       0.0000000000D+00
       0.0000000000D+00       0.0000000000D+00       0.0000000000D+00
       0.1000000000D+01

       0.0000000000D+00       0.0000000000D+00       0.0000000000D+00
       0.0000000000D+00       0.0000000000D+00       0.0000000000D+00
       0.0000000000D+00       0.0000000000D+00       0.0000000000D+00
       0.0000000000D+00       0.0000000000D+00       0.0000000000D+00
       0.1000000000D+01       0.0000000000D+00       0.0000000000D+00
       0.0000000000D+00

       0.0000000000D+00       0.0000000000D+00       0.0000000000D+00
       0.0000000000D+00       0.0000000000D+00       0.0000000000D+00
       0.0000000000D+00       0.0000000000D+00       0.0000000000D+00
       0.0000000000D+00       0.0000000000D+00       0.0000000000D+00
       0.0000000000D+00       0.1000000000D+01       0.0000000000D+00
       0.0000000000D+00

       0.0000000000D+00       0.0000000000D+00       0.0000000000D+00
       0.0000000000D+00       0.0000000000D+00       0.0000000000D+00
       0.0000000000D+00       0.0000000000D+00       0.0000000000D+00
       0.0000000000D+00       0.0000000000D+00       0.0000000000D+00
       0.0000000000D+00       0.0000000000D+00       0.1000000000D+01
       0.0000000000D+00

       0.0000000000D+00       0.0000000000D+00       0.0000000000D+00
       0.0000000000D+00       0.0000000000D+00       0.0000000000D+00
       0.0000000000D+00       0.0000000000D+00       0.0000000000D+00
       0.0000000000D+00       0.0000000000D+00       0.0000000000D+00
       0.0000000000D+00       0.0000000000D+00       0.0000000000D+00
       0.1000000000D+01

   8   8      ELECTRONIC AND NUCLEAR CHARGE
ALL           ALL-ELECTRON ATOM TYPE
   1          NUMBER OF ATOMS OF TYPE OXY
ALL-OXY001
EXTRABASIS    CONTROLS USAGE OF SUPPLEMENTARY BASIS FUNCTIONS
  13          NUMBER OF BARE GAUSSIANS
   5   4   3  NUMBER OF S,P,D FUNCTIONS
   0   0   1  SUPPLEMENTARY S,P,D FUNCTIONS
       0.6120995220D+05       0.9191660630D+04       0.2094692730D+04
       0.5935495900D+03       0.1936468550D+03       0.6977937380D+02
       0.2693975300D+02       0.1093418610D+02       0.4565711210D+01
       0.1884057180D+01       0.7553058400D+00       0.2915527400D+00
       0.1049174000D+00

       0.2484510850D+00       0.4640692010D+00       0.8000280060D+00
       0.1288259230D+01       0.1912301250D+01       0.2484317540D+01
       0.2565928310D+01       0.1710267850D+01       0.4862767820D+00
       0.2128629570D-01       0.3876386950D-03      -0.1273179470D-03
       0.1805300580D-04

      -0.5837699430D-01      -0.1091869670D+00      -0.1884255660D+00
      -0.3060803760D+00      -0.4627975500D+00      -0.6352657150D+00
      -0.7423516650D+00      -0.6508699470D+00      -0.2850338670D+00
       0.1945857910D+00       0.3001787390D+00       0.1205146690D+00
       0.7304580300D-02

       0.0000000000D+00       0.0000000000D+00       0.0000000000D+00
       0.0000000000D+00       0.0000000000D+00       0.0000000000D+00
       0.0000000000D+00       0.0000000000D+00       0.0000000000D+00
       0.0000000000D+00       0.1000000000D+01       0.0000000000D+00
       0.0000000000D+00

       0.0000000000D+00       0.0000000000D+00       0.0000000000D+00
       0.0000000000D+00       0.0000000000D+00       0.0000000000D+00
       0.0000000000D+00       0.0000000000D+00       0.0000000000D+00
       0.0000000000D+00       0.0000000000D+00       0.1000000000D+01
       0.0000000000D+00

       0.0000000000D+00       0.0000000000D+00       0.0000000000D+00
       0.0000000000D+00       0.0000000000D+00       0.0000000000D+00
       0.0000000000D+00       0.0000000000D+00       0.0000000000D+00
       0.0000000000D+00       0.0000000000D+00       0.0000000000D+00
       0.1000000000D+01

       0.4803085360D-01       0.7673145870D-01       0.1493385660D+00
       0.2241829500D+00       0.3683805400D+00       0.5002376060D+00
       0.6764937310D+00       0.7390674950D+00       0.7096321280D+00
       0.4954630190D+00       0.2131075530D+00       0.5731713790D-01
       0.6280915410D-02

       0.0000000000D+00       0.0000000000D+00       0.0000000000D+00
       0.0000000000D+00       0.0000000000D+00       0.0000000000D+00
       0.0000000000D+00       0.0000000000D+00       0.0000000000D+00
       0.0000000000D+00       0.1000000000D+01       0.0000000000D+00
       0.0000000000D+00

       0.0000000000D+00       0.0000000000D+00       0.0000000000D+00
       0.0000000000D+00       0.0000000000D+00       0.0000000000D+00
       0.0000000000D+00       0.0000000000D+00       0.0000000000D+00
       0.0000000000D+00       0.0000000000D+00       0.1000000000D+01
       0.0000000000D+00

       0.0000000000D+00       0.0000000000D+00       0.0000000000D+00
       0.0000000000D+00       0.0000000000D+00       0.0000000000D+00
       0.0000000000D+00       0.0000000000D+00       0.0000000000D+00
       0.0000000000D+00       0.0000000000D+00       0.0000000000D+00
       0.1000000000D+01

       0.0000000000D+00       0.0000000000D+00       0.0000000000D+00
       0.0000000000D+00       0.0000000000D+00       0.0000000000D+00
       0.0000000000D+00       0.0000000000D+00       0.0000000000D+00
       0.1000000000D+01       0.0000000000D+00       0.0000000000D+00
       0.0000000000D+00

       0.0000000000D+00       0.0000000000D+00       0.0000000000D+00
       0.0000000000D+00       0.0000000000D+00       0.0000000000D+00
       0.0000000000D+00       0.0000000000D+00       0.0000000000D+00
       0.0000000000D+00       0.1000000000D+01       0.0000000000D+00
       0.0000000000D+00

       0.0000000000D+00       0.0000000000D+00       0.0000000000D+00
       0.0000000000D+00       0.0000000000D+00       0.0000000000D+00
       0.0000000000D+00       0.0000000000D+00       0.0000000000D+00
       0.0000000000D+00       0.0000000000D+00       0.1000000000D+01
       0.0000000000D+00

       0.0000000000D+00       0.0000000000D+00       0.0000000000D+00
       0.0000000000D+00       0.0000000000D+00       0.0000000000D+00
       0.0000000000D+00       0.0000000000D+00       0.0000000000D+00
       0.0000000000D+00       0.0000000000D+00       0.0000000000D+00
       0.1000000000D+01

ELECTRONS
WFOUT
