          17          15
  4.946100000000000E-006 -2.511130000000000E-005  -1.78787973330000     
  0.253852082100000      -0.350623794500000       -1.64700284630000     
 -0.883111521800000        1.29232878410000       -2.11740326690000     
 -0.677542043000000       -1.41045870240000       -2.11658720820000     
  9.266430000000000E-005 -3.189118400000000E-003  7.047900000000000E-006
 -0.427552147400000      -5.827616770000000E-002  -1.64259822850000     
  0.169271481800000       0.389601767100000       -1.62316487560000     
  4.382623000000000E-003  1.987819250000000E-002  -2.24484980460000     
   1.56050982820000       0.120935632200000       -2.11697740460000     
 -6.216100000000000E-006 -2.447820000000000E-005   1.78788029620000     
  0.427335323800000      -5.901825270000000E-002   1.64224350150000     
  -1.56029093070000       0.123687962700000        2.11682136030000     
  0.674663820000000       -1.41169758160000        2.11702840160000     
 -0.254377612200000      -0.350467070900000        1.64756098290000     
 -4.003142900000000E-003  2.038391350000000E-002   2.24482792790000     
 -0.168877350600000       0.389685224800000        1.62298121560000     
  0.885615970200000        1.29074264470000        2.11710245340000     
  2.777605000000000E-004  5.385009000000000E-004  -1.78523746940000     
  3.564686380000000E-002 -3.670756030000000E-002  -3.52016322230000     
  7.065785980000000E-002  2.952442370000000E-002  -1.35062068350000     
 -4.701948000000000E-002  0.515326980300000       2.014885940000000E-002
  5.218612730000000E-002 -0.138188930300000       -2.23009581010000     
  3.259273480000000E-002  7.210924760000000E-002  -2.24432285040000     
 -0.153760828700000       3.210054390000000E-002  -1.36687652130000     
 -0.409523817900000      -0.225994337400000       1.125136700000000E-003
  3.870860000000000E-005 -1.423968000000000E-004   1.78546891800000     
  0.425596566500000      -0.283308992700000      -2.237401890000000E-002
  8.215207610000000E-002 -5.988892680000000E-002   2.23967801770000     
 -1.183435430000000E-002  3.368160880000000E-002   3.52984633170000     
 -5.697092880000000E-002 -9.671667289999999E-002   1.35558004180000     
  6.287453790000000E-002  9.064715860000000E-002   1.35422599080000     
 -8.839921350000000E-002  6.662525610000000E-002   2.23844438810000     
