   1          TOTAL NUMBER OF ATOM TYPES
  16  16      ELECTRONIC AND NUCLEAR CHARGE
ALL           ALL-ELECTRON ATOM TYPE
   2          NUMBER OF ATOMS OF TYPE SUL
ALL-SUL001
ALL-SUL002
EXTRABASIS    CONTROLS USAGE OF SUPPLEMENTARY BASIS FUNCTIONS
  17          NUMBER OF BARE GAUSSIANS
   6   5   3  NUMBER OF S,P,D FUNCTIONS
   0   0   1  SUPPLEMENTARY S,P,D FUNCTIONS
       0.6725856810D+06       0.1014729610D+06       0.2320568290D+05
       0.6597794670D+04       0.2159212760D+04       0.7817208500D+03
       0.3055189510D+03       0.1266526070D+03       0.5496220620D+02
       0.2471517870D+02       0.1123742690D+02       0.5118160530D+01
       0.2332636220D+01       0.1038785400D+01       0.4549066200D+00
       0.1860971000D+00       0.7138587000D-01

       0.4333605000D+00       0.8076536230D+00       0.1394692280D+01
       0.2270664750D+01       0.3502512250D+01       0.5057626250D+01
       0.6564270460D+01       0.7073471870D+01       0.5360458700D+01
       0.2107727820D+01       0.2381586930D+00      -0.1816008780D-03
       0.3543617360D-03      -0.5265004080D-04       0.7584651720D-05
      -0.9584599410D-06       0.8995348880D-07

      -0.1190178590D+00      -0.2217131600D+00      -0.3835806820D+00
      -0.6254907730D+00      -0.9744842410D+00      -0.1434751370D+01
      -0.1966365940D+01      -0.2370588550D+01      -0.2290120100D+01
      -0.1305414760D+01       0.2376005340D+00       0.1118216690D+01
       0.6850970680D+00       0.9364718630D-01      -0.7680218550D-03
       0.2415094440D-03      -0.2705775480D-04

       0.3771848470D-01       0.7035036110D-01       0.1215076960D+00
       0.1986503750D+00       0.3088003810D+00       0.4572048090D+00
       0.6265956010D+00       0.7680721960D+00       0.7523118480D+00
       0.4575295670D+00      -0.9631215600D-01      -0.5099530370D+00
      -0.4784542840D+00      -0.3495570330D-01       0.2340607660D+00
       0.1103962590D+00       0.6796451680D-02

       0.0000000000D+00       0.0000000000D+00       0.0000000000D+00
       0.0000000000D+00       0.0000000000D+00       0.0000000000D+00
       0.0000000000D+00       0.0000000000D+00       0.0000000000D+00
       0.0000000000D+00       0.0000000000D+00       0.0000000000D+00
       0.0000000000D+00       0.0000000000D+00       0.1000000000D+01
       0.0000000000D+00       0.0000000000D+00

       0.0000000000D+00       0.0000000000D+00       0.0000000000D+00
       0.0000000000D+00       0.0000000000D+00       0.0000000000D+00
       0.0000000000D+00       0.0000000000D+00       0.0000000000D+00
       0.0000000000D+00       0.0000000000D+00       0.0000000000D+00
       0.0000000000D+00       0.0000000000D+00       0.0000000000D+00
       0.1000000000D+01       0.0000000000D+00

       0.0000000000D+00       0.0000000000D+00       0.0000000000D+00
       0.0000000000D+00       0.0000000000D+00       0.0000000000D+00
       0.0000000000D+00       0.0000000000D+00       0.0000000000D+00
       0.0000000000D+00       0.0000000000D+00       0.0000000000D+00
       0.0000000000D+00       0.0000000000D+00       0.0000000000D+00
       0.0000000000D+00       0.1000000000D+01

       0.2168713660D+00       0.4345498500D+00       0.7129480720D+00
       0.1212030180D+01       0.1843974450D+01       0.2823437280D+01
       0.3930058560D+01       0.5259663820D+01       0.6082759960D+01
       0.6126568510D+01       0.4648003370D+01       0.2385145050D+01
       0.6753025470D+00       0.6634911920D-01       0.1098243290D-03
       0.7789580910D-04      -0.6806152090D-05

      -0.6209754130D-01      -0.1142727500D+00      -0.1994103960D+00
      -0.3242102590D+00      -0.5098728580D+00      -0.7624297680D+00
      -0.1084516630D+01      -0.1436849400D+01      -0.1704420000D+01
      -0.1733118640D+01      -0.1383939570D+01      -0.7347947360D+00
      -0.1737476910D+00       0.1219528760D+00       0.1268022260D+00
       0.4508108750D-01       0.5352402620D-02

       0.0000000000D+00       0.0000000000D+00       0.0000000000D+00
       0.0000000000D+00       0.0000000000D+00       0.0000000000D+00
       0.0000000000D+00       0.0000000000D+00       0.0000000000D+00
       0.0000000000D+00       0.0000000000D+00       0.0000000000D+00
       0.0000000000D+00       0.0000000000D+00       0.1000000000D+01
       0.0000000000D+00       0.0000000000D+00

       0.0000000000D+00       0.0000000000D+00       0.0000000000D+00
       0.0000000000D+00       0.0000000000D+00       0.0000000000D+00
       0.0000000000D+00       0.0000000000D+00       0.0000000000D+00
       0.0000000000D+00       0.0000000000D+00       0.0000000000D+00
       0.0000000000D+00       0.0000000000D+00       0.0000000000D+00
       0.1000000000D+01       0.0000000000D+00

       0.0000000000D+00       0.0000000000D+00       0.0000000000D+00
       0.0000000000D+00       0.0000000000D+00       0.0000000000D+00
       0.0000000000D+00       0.0000000000D+00       0.0000000000D+00
       0.0000000000D+00       0.0000000000D+00       0.0000000000D+00
       0.0000000000D+00       0.0000000000D+00       0.0000000000D+00
       0.0000000000D+00       0.1000000000D+01

       0.0000000000D+00       0.0000000000D+00       0.0000000000D+00
       0.0000000000D+00       0.0000000000D+00       0.0000000000D+00
       0.0000000000D+00       0.0000000000D+00       0.0000000000D+00
       0.0000000000D+00       0.0000000000D+00       0.0000000000D+00
       0.0000000000D+00       0.1000000000D+01       0.0000000000D+00
       0.0000000000D+00       0.0000000000D+00

       0.0000000000D+00       0.0000000000D+00       0.0000000000D+00
       0.0000000000D+00       0.0000000000D+00       0.0000000000D+00
       0.0000000000D+00       0.0000000000D+00       0.0000000000D+00
       0.0000000000D+00       0.0000000000D+00       0.0000000000D+00
       0.0000000000D+00       0.0000000000D+00       0.1000000000D+01
       0.0000000000D+00       0.0000000000D+00

       0.0000000000D+00       0.0000000000D+00       0.0000000000D+00
       0.0000000000D+00       0.0000000000D+00       0.0000000000D+00
       0.0000000000D+00       0.0000000000D+00       0.0000000000D+00
       0.0000000000D+00       0.0000000000D+00       0.0000000000D+00
       0.0000000000D+00       0.0000000000D+00       0.0000000000D+00
       0.1000000000D+01       0.0000000000D+00

       0.0000000000D+00       0.0000000000D+00       0.0000000000D+00
       0.0000000000D+00       0.0000000000D+00       0.0000000000D+00
       0.0000000000D+00       0.0000000000D+00       0.0000000000D+00
       0.0000000000D+00       0.0000000000D+00       0.0000000000D+00
       0.0000000000D+00       0.0000000000D+00       0.0000000000D+00
       0.0000000000D+00       0.1000000000D+01

ELECTRONS
WFOUT
