      9    7  
         0.0000852901       -0.0000000254        1.1417436003 
         0.0000855701       -0.0000000253       -1.1417381707  
         1.2837200715       -0.0000055713        1.4398276975  
         1.2837193753       -0.0000055787       -1.4398452239  
        -0.6441336039        1.1446451224        1.4406147071  
        -0.6441331882        1.1446446338       -1.4406325334  
        -0.6441433105       -1.1446379645        1.4406158794  
        -0.6441429067       -1.1446374695       -1.4406337054  
        -0.0021147660        0.0000001232       -0.0000380525  
        -0.0013160425        0.0000000184        1.2099534582  
        -0.0013172707        0.0000000182       -1.2099460422  
         0.0000830649        0.0000005039        2.4076773909  
         0.0000823856        0.0000005054       -2.4076845884  
         0.3445277481       -0.0000012959       -0.0000413117  
        -0.1613914153        0.2944791316       -0.0000424125  
        -0.1613940148       -0.2944786945       -0.0000424117  

