          16          16
  2.719180000000000E-005   2.01636122230000       0.260492576600000     
 -2.369400000000000E-004   3.29562006280000      -0.978850899300000     
   1.23708791590000        1.23754095340000      -2.827817000000000E-004
 -4.775070000000000E-005   2.17691321570000        2.03384714000000     
  -1.23718743040000        1.23774993000000      -2.699235000000000E-004
 -1.176389000000000E-004  -2.01646411880000       0.260477786400000     
  1.774782000000000E-004  -2.17677623330000        2.03344271890000     
  -1.23722842440000       -1.23789320880000      -1.421976000000000E-004
 -3.387815000000000E-004  -3.29572678880000      -0.978790416600000     
   1.23730854600000       -1.23751680460000       1.691700000000000E-005
  -2.01653578130000       1.398647000000000E-004 -0.260436098400000     
   2.01666153140000      -1.485309000000000E-004 -0.260246126400000     
  -3.29651191910000      -2.062016000000000E-004  0.976385875400000     
  -2.17841068610000      -2.292030000000000E-005  -2.03064287050000     
   3.29644696800000      -2.305680000000000E-004  0.976519487500000     
   2.17865183170000       2.254243000000000E-004  -2.03101696990000     
 -5.398921000000000E-004   2.01652325530000       0.260444795900000     
 -1.762928000000000E-004  -2.01665111380000       0.260783377200000     
  -2.01653747970000      -2.184442000000000E-004 -0.260540741800000     
  -1.23761429840000        1.23750816970000       5.708684000000000E-004
  -2.17693322780000      -8.063444000000000E-004  -2.03396564550000     
  -3.29577015310000       1.168409300000000E-003  0.978693883300000     
  -1.23732895790000       -1.23725557600000      -5.220652000000000E-004
   2.01663823240000      -4.849820000000000E-005 -0.260562161700000     
   1.23792276390000        1.23717179190000       5.610226000000000E-004
   2.17644757630000      -6.482989000000000E-004  -2.03382254060000     
   1.23741376080000       -1.23714815820000      -2.661831000000000E-004
   3.29582970670000       8.416342000000000E-004  0.978144935600000     
 -2.629990000000000E-005   3.29661488290000      -0.976787541700000     
  6.354939000000000E-004   2.17854547180000        2.02981011510000     
 -4.270958000000000E-004  -3.29613883970000      -0.976835164800000     
  5.392727000000000E-004  -2.17909657100000        2.03139255700000     
